c15f9d29-4cbe-445d-90b5-e3c75ee99bef: [_instance_explain, 69311 , 97571 , 94482 , 66590 , 36351 , 20759 ]
5b2eafe6-9b5c-404e-b61b-cc93ea53025a: [_feature_explain, 29095 , 91677 , 86660 , 66978 , 28274 , 42518 ]
ac32669b-6140-4dcf-82bf-f4369f415f20: [_feature_explain, 33771 , 16540 , 21151 , 98620 , 65188 , 66593 ]
a5b47276-5fa0-476e-9371-d2bd330619f7: [_feature, 10121 , 92508 , 27883 , 14242 , 89945 , 45313 ]
6307c15f-08ce-4281-9a3a-043ab7d988f9: [_instance, 80272 , 20198 , 17258 , 40034 , 39885 , 15002 ]
1b36cdb3-4fb1-4994-b87f-0353620c1271: [empty, 41726 , 94618 , 49839 , 66793 , 36034 , 23427 ]
9aa28af0-7d15-4438-a278-657c93dda3d5: [_feature, 41274 , 46718 , 13833 , 73032 , 80575 , 87182 ]
1e82e91c-77df-412d-b581-176fb52ced8d: [_instance_explain, 92073 , 69828 , 56608 , 93213 , 17314 , 50060 ]
8bd31b2e-3a12-4dcc-8692-f4a535bfcc15: [_instance_explain, 90211 , 69064 , 15058 , 52503 , 81731 , 11351 ]
2433d69f-0ecc-4dd8-aca1-14432bf264bf: [_feature, 82442 , 97537 , 23840 , 44326 , 85557 , 66772 ]
912e14f1-2f16-459d-8d0c-e10a1027b6de: [empty, 87641 , 84889 , 16613 , 33180 , 13142 , 54097 ]
e5acc83b-a65c-41c8-a3c0-0878dc8b0641: [_explain, 64481 , 19493 , 85383 , 14742 , 54034 , 81834 ]
14c5d42f-35d5-43ad-8526-a3b81fb5c259: [_instance_explain, 28787 , 11867 , 33097 , 43433 , 38516 , 30983 ]
6c8f7eb6-a2a7-4cf2-b3ea-8e7cfeb9d549: [_explain, 34312 , 80358 , 77840 , 19987 , 29529 , 61229 ]
c099a88f-cece-458f-b127-1dc51ef12599: [_explain, 20614 , 75045 , 46565 , 24409 , 26028 , 19572 ]
861e5d5a-59d4-4709-a6db-27d8c9d11b05: [empty, 21859 , 41874 , 35244 , 79681 , 82740 , 67583 ]
dfd4bde5-d355-4f6a-abe3-fb172580823f: [_feature, 91301 , 88685 , 53760 , 13483 , 99333 , 95742 ]
93b70965-f3ab-40e2-947a-5894735cf17a: [empty, 18948 , 94324 , 64587 , 95765 , 31930 , 78363 ]
94d16d78-d10b-45e1-8a4c-0887a2f50271: [empty, 55594 , 30234 , 21398 , 87690 , 70355 , 69617 ]
09cbf868-eed8-4e7c-8171-02ecaae79ea6: [_instance, 78819 , 82267 , 31485 , 49632 , 16798 , 69434 ]
9ff0bd96-960e-45e0-8e0e-39b27b3059a0: [_explain, 74915 , 64827 , 57417 , 15322 , 36137 , 25196 ]
f34b2227-7f4f-48ee-a324-554529f121e5: [empty, 64754 , 95556 , 72290 , 83616 , 42012 , 82800 ]
30dd1b0d-b862-47ee-b4e7-86388df23c51: [_feature, 63919 , 12338 , 59201 , 46121 , 48923 , 23221 ]
0a07b803-8707-479c-8c05-50ea4673fa92: [_explain, 27062 , 91252 , 75526 , 48678 , 10799 , 57403 ]
2f1ec1b4-0534-45f6-9947-913083515b45: [empty, 43339 , 28053 , 99873 , 94739 , 31924 , 12271 ]
15772021-6164-40e8-a6f4-a08309ca0c5e: [empty, 34391 , 20967 , 83813 , 29182 , 56245 , 86121 ]
39dae4f4-8cd6-46c5-9a93-8f27168f2692: [_feature, 57762 , 47030 , 95153 , 85614 , 44087 , 39668 ]
2c26b600-9ebc-4598-b8bf-7264f3e04616: [_instance, 70917 , 87711 , 43121 , 84447 , 22549 , 99877 ]
6c53c5f5-b086-42cf-9529-f6fb1788820c: [_feature, 25443 , 94901 , 40376 , 98151 , 94917 , 37232 ]
63b358b8-58f8-47d9-a49e-df83246fcf8a: [_explain, 31744 , 35099 , 39347 , 89076 , 98065 , 40113 ]
06e3ecb8-8707-4a61-a93a-f9216079c148: [_explain, 83058 , 66083 , 91006 , 16228 , 35199 , 64472 ]
bae5e601-d75a-4344-97f2-1148f1d5dc37: [_explain, 92624 , 68789 , 42628 , 65056 , 10721 , 30159 ]
bee4b192-6e06-4d3c-ac03-664cce6c70f6: [_instance_explain, 47171 , 13206 , 73568 , 25693 , 97986 , 60470 ]
0c4256b2-c8eb-4126-a776-612bdf00e80a: [_feature_explain, 56511 , 61970 , 60481 , 65374 , 91424 , 30471 ]
69cce717-7e85-4767-8398-66ba8e4487c4: [_instance_explain, 27118 , 11520 , 75961 , 92094 , 39087 , 27106 ]
45895ef8-c037-4be2-bbc7-77bf08cb163c: [_instance, 69011 , 12095 , 89853 , 18639 , 68139 , 45071 ]
283d6f0b-2abf-4271-93ba-7a37cd9733fe: [_feature, 37365 , 74336 , 85790 , 40555 , 99919 , 68846 ]
c61bae24-7b8c-47f3-bf26-88ccfdfb4f64: [empty, 70712 , 19005 , 11426 , 31513 , 75378 , 33908 ]
2a035311-a655-47d0-85f9-f003a3bf32d7: [_explain, 38346 , 89550 , 72891 , 50138 , 86898 , 55089 ]
8d550ee0-4897-4c8f-a84e-610e91bc4174: [_instance, 67356 , 50410 , 30933 , 67290 , 76009 , 74503 ]
252a5804-e8b2-42b1-abe3-ca3db1ae9a52: [_instance, 23670 , 40599 , 71389 , 60235 , 69360 , 57356 ]
3fe3b475-e204-42ef-8222-3b2eca30419c: [_instance_explain, 59909 , 60150 , 26777 , 34625 , 96180 , 90925 ]
3c94b9fd-fd20-49f4-b5e3-e9affdbf61d9: [_feature_explain, 60693 , 93802 , 49536 , 30876 , 80763 , 60881 ]
ff915f66-d311-4cee-9b15-46f6f4ba8603: [_feature_explain, 10758 , 69428 , 13290 , 78950 , 77749 , 72304 ]
13a25166-03af-4048-80f5-d6149b0876f6: [_explain, 69711 , 70104 , 15505 , 99354 , 65274 , 75835 ]
4203dda1-6deb-46de-92f4-4e5cd852ed38: [_instance_explain, 71853 , 17788 , 71171 , 83549 , 22878 , 60928 ]
c560122e-0301-4e8d-8641-fff0b26d2831: [_explain, 68880 , 46433 , 38156 , 25922 , 97358 , 16242 ]
42386715-faf6-4a7b-a718-71dba0cf9072: [empty, 69485 , 94619 , 37312 , 46681 , 77009 , 71369 ]
077c366c-911f-4086-ba19-8dd1a2316a7a: [_instance, 21252 , 99253 , 47509 , 50464 , 70703 , 18093 ]
4047f3f1-e491-4c36-a252-45cd8ef5dd91: [_feature, 83453 , 75937 , 30196 , 19291 , 51628 , 84674 ]
7a3b32bb-0b9b-42e3-8225-a1af3681db6e: [_instance_explain, 68015 , 12125 , 55968 , 53398 , 20618 , 25954 ]
8e434bb9-f577-4519-a97a-73618c8e3b5b: [_instance, 79445 , 45973 , 68975 , 16511 , 57213 , 75918 ]
135287c8-0607-47d9-831c-86b886b95713: [_instance_explain, 76870 , 57840 , 16666 , 54227 , 20316 , 47656 ]
1a58200d-6484-468e-9085-cd52900b5097: [_feature_explain, 63671 , 94190 , 45961 , 27985 , 82662 , 51030 ]
193b92f0-3e9d-464a-b1b9-eb8ed3de26a1: [_feature, 50558 , 23895 , 88762 , 82526 , 24167 , 84357 ]
64f2470a-4fbf-4d89-aa13-fe269a420576: [_feature, 37429 , 88232 , 56726 , 73395 , 13459 , 28161 ]
cf71ffa6-c298-4df2-ab2d-9b2b3c208cd8: [_explain, 45730 , 29495 , 99328 , 66127 , 14750 , 29377 ]
29cec8d1-3ef1-4f35-8cca-429b3b56eef7: [_instance, 44611 , 19938 , 46668 , 74792 , 62091 , 56377 ]
da13eced-d846-4d59-9491-9c110c19a3a0: [_feature_explain, 50033 , 43195 , 48889 , 48290 , 76291 , 62167 ]
7e9bb330-59c2-42e5-803a-a6b9d70f9be4: [_instance_explain, 27832 , 41394 , 76333 , 84720 , 47209 , 28444 ]
02fec82f-310f-4bf2-8fc8-cee1c4c24fcc: [_feature, 83896 , 95639 , 52345 , 49497 , 93187 , 39438 ]
890f44d9-b04c-49aa-a876-673b71b0fcb0: [_instance, 54755 , 48134 , 66372 , 19538 , 54038 , 75447 ]
f77fbe77-5c64-4ada-a701-aca1057c400e: [_feature, 77066 , 71961 , 26419 , 36537 , 69134 , 14459 ]
3f6af0ed-eec8-473a-8a33-1beaad2c4149: [empty, 39082 , 40478 , 90592 , 38920 , 38168 , 14754 ]
329593aa-be6c-4896-93c6-bbec08f0fb49: [_feature, 26474 , 82407 , 82719 , 29188 , 97482 , 23502 ]
ff4863d7-1a06-4565-b287-5d42c02d2ac7: [empty, 33329 , 48811 , 34188 , 37267 , 10433 , 88999 ]
11c65c4f-fc43-4970-afd0-6849b7346898: [_feature, 49454 , 73658 , 17384 , 38682 , 34568 , 64247 ]
c279ff22-4d54-43c8-98cc-655630c4a37e: [_instance_explain, 82249 , 12912 , 70565 , 59668 , 12430 , 74277 ]
b25facc1-77ac-432f-8338-86b00bae02e1: [_instance, 97596 , 92032 , 14345 , 64866 , 82645 , 36131 ]
43c2b37c-5f38-40f7-810e-4b5d093ee89d: [_instance_explain, 53822 , 51754 , 92227 , 62209 , 26283 , 63487 ]
ea4667f6-3d7d-4e70-b582-863640d4511e: [_feature_explain, 56788 , 92402 , 24489 , 58011 , 41486 , 23726 ]
9e550dda-4548-4c1b-9f09-49c715bbbc74: [_explain, 33869 , 42182 , 89775 , 64363 , 86861 , 76682 ]
f133dc75-46c3-4bce-a5b2-25b111e0aba9: [_explain, 98007 , 33201 , 82548 , 53982 , 17821 , 87984 ]
769e4a53-6d7c-4b71-a9c3-a79a01144537: [_feature_explain, 44678 , 63936 , 98821 , 62323 , 34988 , 17228 ]
a9802b41-264a-4ecf-af68-cd9c4a08c775: [_feature, 74132 , 15103 , 24873 , 12585 , 33818 , 20754 ]
00b76ff2-d0b9-418c-bee1-5ca45e01db5e: [_explain, 17138 , 67071 , 76706 , 22186 , 48370 , 18369 ]
cbc81b26-e708-4827-87ff-290c32ee37c7: [_feature, 47163 , 48799 , 23370 , 44088 , 65404 , 92119 ]
014f7254-b2ba-443a-af30-39ceb0d17aa5: [empty, 30043 , 37845 , 61516 , 90830 , 79577 , 31099 ]
a180012e-05f5-409f-a15d-8ef86efa3b65: [empty, 24374 , 23332 , 16991 , 64437 , 40806 , 62345 ]
5fa76e8a-2362-40a9-bcf4-0f2c80b73d14: [_feature, 40681 , 62357 , 69697 , 64957 , 63442 , 10971 ]
fc36ae70-9e21-4d55-a7bb-f4622a522fdf: [empty, 68690 , 98568 , 71875 , 95958 , 74660 , 47203 ]
53be5cb8-2b4f-48ae-bb07-80f97c36551a: [_instance_explain, 26700 , 36922 , 31138 , 24376 , 83213 , 30783 ]
89172b9b-c69a-4eaf-a0b7-19d574b914f3: [_feature, 51980 , 20272 , 23178 , 71322 , 91972 , 70814 ]
ddb10ebe-ceff-49d4-9da9-9f2e6a4c9a75: [_instance, 66424 , 53724 , 57189 , 74121 , 93051 , 92843 ]
f568326d-78c6-4b81-ae90-a484da879d2b: [_instance_explain, 82996 , 56424 , 81144 , 99048 , 71564 , 10409 ]
985fd63c-907c-4a17-8b8f-3dd37451f070: [_feature_explain, 80949 , 45340 , 91909 , 62074 , 52960 , 96669 ]
4a628af3-d31e-47c4-ba88-dcf87b8fe53c: [_instance_explain, 29292 , 92524 , 37814 , 22818 , 93878 , 40648 ]
b7f37ac6-81b3-4845-aa5c-a0cc82f6705b: [_feature, 59408 , 58332 , 99176 , 31866 , 75308 , 88348 ]
1ddd5f5a-6937-4cee-b5cb-8fab1eb1ef38: [_feature, 68429 , 76964 , 42904 , 72804 , 57065 , 16528 ]
2672b578-f122-47ed-80fd-360354c360ba: [_instance_explain, 39888 , 54065 , 13750 , 94242 , 92918 , 95995 ]
8ad2c308-bb77-486b-a58f-b2639e54c06b: [_instance, 10843 , 26445 , 54923 , 27984 , 20953 , 78708 ]
8bc8828e-05b2-4ddb-ad0d-eb008c64bcb9: [_feature_explain, 10942 , 83560 , 55308 , 14917 , 62424 , 67496 ]
5ac433ce-4725-4690-b18a-65d92f264ed8: [_instance, 39869 , 78311 , 40036 , 47434 , 35032 , 19118 ]
afedb721-b8b3-403f-a138-e5b73c484730: [empty, 94041 , 36950 , 29720 , 30772 , 53443 , 14174 ]
5b0963c7-b446-450a-9775-2baee197093a: [_instance, 13727 , 23061 , 15506 , 10836 , 66003 , 63103 ]
116bb258-09a0-4781-a5e2-7ae0621c1a2b: [empty, 59152 , 83426 , 60508 , 79889 , 81606 , 57673 ]
32211dc0-eb39-446c-8fcb-69d7db683dd4: [_instance, 40337 , 65721 , 84786 , 99849 , 69022 , 81464 ]
2a029364-c6de-4d07-a8e6-83dcf9495454: [_instance, 87906 , 14786 , 59768 , 78664 , 13651 , 18271 ]
dabe8093-4793-4086-8f19-3589cab190a5: [_explain, 15882 , 20150 , 62735 , 82274 , 70396 , 54937 ]
db415535-db7a-4d03-aeda-70df8292fc7b: [_instance, 97660 , 86468 , 78915 , 18472 , 90400 , 70404 ]
eb1991b6-bf89-4f2c-b841-4776d7ce6a2c: [_instance_explain, 29815 , 55058 , 54284 , 93122 , 66178 , 13792 ]
fb675380-229d-4523-af24-3338613de1bc: [_instance_explain, 62256 , 89426 , 74210 , 43573 , 45069 , 30576 ]
1b0b18bc-40e1-40ae-901c-9fc162fbe25f: [_instance, 91553 , 11091 , 12617 , 80827 , 73013 , 10858 ]
f32e4e5b-91e9-45ce-b21e-2c940e3306e3: [_feature, 30410 , 59244 , 95392 , 48386 , 12322 , 73403 ]
41ea6c01-6b6f-4db7-bbc2-5f39e8d91b52: [_explain, 11614 , 22051 , 14989 , 24980 , 68161 , 91669 ]
646dff6c-7e4e-4a34-bbef-e7079cad85b5: [_feature, 19339 , 41491 , 57711 , 29389 , 75291 , 24515 ]
93464c5d-141f-4796-8996-110929ac5dad: [_feature, 62305 , 76774 , 39791 , 91079 , 32049 , 32081 ]
266a47e0-cee1-43c3-a0a1-92efb8c66411: [_instance_explain, 46330 , 95454 , 68367 , 55878 , 46808 , 43117 ]
adad6a9c-8fed-42b5-9312-b162ac1d883f: [_instance_explain, 83700 , 25515 , 33205 , 65354 , 51057 , 71379 ]
6811d6a9-1695-4d01-a1ed-e1d316be0234: [_explain, 92329 , 25129 , 83072 , 16320 , 77493 , 38259 ]
ade4fcb0-d286-4f9d-9606-b48e492f8298: [_instance, 65155 , 32715 , 52516 , 56447 , 90192 , 16859 ]
1347f8ca-661f-456b-997d-f96b1c51df68: [_instance, 10540 , 79437 , 36601 , 11401 , 50591 , 58799 ]
783ba60b-3766-4d24-a74b-e52c78478b3f: [_feature_explain, 22857 , 58208 , 81808 , 20251 , 95443 , 82491 ]
09fd466c-6146-4860-9690-efb7fb247094: [empty, 20792 , 92214 , 77813 , 11716 , 14502 , 70272 ]
8c5e9d58-c8bd-4488-8a93-97bc2bd3b6a6: [_explain, 10710 , 59875 , 83146 , 13974 , 84695 , 18528 ]
c620de7a-9cfb-4eba-8552-03fa2bee954f: [_feature_explain, 66288 , 35193 , 56899 , 51891 , 19448 , 33269 ]
9d789811-e83e-4437-8662-161f22c549e6: [empty, 17425 , 57375 , 47518 , 29725 , 68500 , 72864 ]
275bdb8e-d0e2-4cc7-a709-87e820e49b23: [_instance_explain, 13529 , 41648 , 89779 , 90071 , 81892 , 56386 ]
2164fe0d-d0a0-4851-a4b2-d162b180031a: [_instance_explain, 89443 , 20307 , 75672 , 50352 , 57634 , 90739 ]
dedc4809-38dd-4e73-b5d6-fa30a7a21171: [_instance_explain, 31460 , 90979 , 33979 , 68548 , 53944 , 38299 ]
27d37697-39ee-477d-ba07-6b0155879b3d: [_explain, 31219 , 78030 , 12138 , 20833 , 79758 , 66120 ]
af860c26-3b8d-4ec8-b7ae-16ca5e9014a4: [empty, 71022 , 53867 , 63358 , 29393 , 22310 , 70519 ]
baf667e9-edc5-48ea-8e4f-c3061f6b78ff: [_explain, 98712 , 32909 , 32393 , 18030 , 73815 , 40862 ]
eda7c5d3-f3a4-405c-a124-c8531d695949: [_feature_explain, 80596 , 85478 , 34667 , 99317 , 66024 , 98688 ]
1f54d07d-c7a7-4931-94be-5498932b200f: [empty, 35840 , 91892 , 57337 , 26421 , 99645 , 14000 ]
7b9c52d4-1f80-4e36-b653-3fe266f61b43: [_instance_explain, 84839 , 34349 , 33056 , 89451 , 21902 , 32276 ]
05bff2e3-fda6-4917-be54-33e1cd36c3c1: [_instance_explain, 22136 , 28910 , 22679 , 86065 , 69599 , 51931 ]
5cbe99d7-0dda-4789-86ae-98fa066867ae: [empty, 73000 , 58097 , 18494 , 60327 , 21624 , 70024 ]
45e978cb-e71e-4338-884a-79cb9c203283: [empty, 73169 , 18946 , 32141 , 49646 , 46778 , 34814 ]
708e2a1d-e70a-4513-907b-8e64a7e18abe: [_instance, 20030 , 98252 , 45676 , 30887 , 87006 , 36024 ]
a7a05e60-26c8-48bc-9bb9-474a804ebf30: [_feature_explain, 44755 , 72042 , 82570 , 24870 , 56768 , 51401 ]
60b298de-aa0c-46b8-ba58-cf939a99ae54: [_instance, 44710 , 93762 , 20397 , 48175 , 43767 , 63467 ]
c5be635a-8570-41b2-8abb-b646e4fe501c: [_explain, 28188 , 28030 , 86579 , 13464 , 91408 , 29476 ]
03e1fa4d-f5fa-46f8-8453-213a14ff83cc: [_feature_explain, 96888 , 43662 , 97150 , 48122 , 25999 , 22483 ]
9deb5e4e-7c45-4a73-9c06-654e86f3eab3: [_explain, 67316 , 38462 , 92935 , 86425 , 69044 , 19688 ]
dd4ec61e-f619-49bd-add9-3e5397e2b39c: [empty, 13559 , 43522 , 36561 , 46290 , 82082 , 66836 ]
d5a0bb43-d9f7-4eaa-b4c0-aa034adb5d6f: [_feature_explain, 24204 , 80392 , 35572 , 33524 , 23507 , 37321 ]
8853d73b-33fd-4a88-87a0-a3827d30092e: [_feature, 47450 , 75384 , 81462 , 90743 , 73457 , 72824 ]
b8eadb53-5aad-48f8-b4e2-e56a568b2be3: [_feature_explain, 12769 , 52736 , 91151 , 71096 , 99044 , 79470 ]
7f71c7c8-75ff-4a90-93c2-e5a52f93f78a: [_feature_explain, 54223 , 32023 , 68639 , 69268 , 50411 , 82395 ]
c94e4039-78ad-41af-887a-0c2cc69e37be: [_instance, 14374 , 37059 , 19547 , 78599 , 76492 , 86385 ]
4606270f-e967-4f21-b256-f1c7a6bc48b4: [_feature_explain, 89957 , 99389 , 88267 , 88548 , 45286 , 55073 ]
a2aa8d16-6eb3-433f-99fb-eeb76f4ea453: [_feature_explain, 63583 , 71331 , 64860 , 73590 , 96768 , 14854 ]
67c2d664-1d40-4a41-ac10-df9e87110a1f: [_feature_explain, 25843 , 72756 , 44660 , 73619 , 58983 , 58658 ]
829d8efe-ddde-4414-981c-5669bacd5396: [_feature, 36854 , 59147 , 35068 , 36072 , 19852 , 30221 ]
16eb63d8-ca24-472b-9393-fc444194a836: [_feature_explain, 54123 , 94267 , 16485 , 92225 , 24596 , 78372 ]
ca96caa4-1ed5-455f-9fcb-4b3ec427988d: [empty, 37153 , 36269 , 32400 , 92348 , 95240 , 60316 ]
24f4e7be-8943-4a97-a213-637eb3634e7d: [_feature_explain, 62042 , 95245 , 98541 , 98288 , 27195 , 69914 ]
36379606-76e9-4ffd-aec3-9863d9ce0bb6: [_feature, 41245 , 31700 , 47820 , 72494 , 87439 , 59090 ]
f6eb787b-1b59-429a-8f6e-81dd544982e5: [empty, 75581 , 30520 , 52218 , 40977 , 61953 , 55861 ]
3af15328-326d-47bf-8820-fb731ff55b2a: [_instance, 13732 , 67833 , 62408 , 73233 , 18529 , 74678 ]
8811b1f9-ca73-44b3-9caf-669ea71bc12e: [_instance, 78185 , 63246 , 78240 , 46059 , 75939 , 97954 ]
455ea770-880e-4b6e-86f2-19e09c6aec4f: [_explain, 69120 , 28555 , 46180 , 63860 , 24246 , 93338 ]
5a8cd3a6-4307-448e-a53f-354ee0331f81: [empty, 82104 , 66142 , 19108 , 54465 , 98864 , 24588 ]
178fbee1-9bde-418f-ada7-d90871c99d2c: [_instance_explain, 21215 , 63080 , 88116 , 90770 , 79274 , 99963 ]
3f84afbf-af34-4ae8-9318-4e90d7031297: [_feature_explain, 55759 , 17963 , 85001 , 39030 , 42822 , 52778 ]
9deefe11-561c-4012-9cea-a870522bfced: [empty, 51390 , 76510 , 80762 , 55546 , 68989 , 93413 ]
543d4bb2-4854-4294-b8f7-396e9da04a25: [_feature_explain, 83789 , 70265 , 99047 , 93252 , 96271 , 46916 ]
eae8706f-2c9c-447f-966e-e4388ceb5ac6: [_explain, 42454 , 86177 , 60175 , 71416 , 17229 , 33193 ]
9d529b0f-e878-4f4c-9088-6ab0badf7731: [_instance, 40077 , 95312 , 23038 , 35888 , 94229 , 27783 ]
1311767d-1705-4702-9881-0b7594312aef: [_explain, 85892 , 18715 , 44318 , 76508 , 63491 , 41705 ]
418b392e-6d29-4dce-98c6-e1411877c0b5: [_feature, 79688 , 18853 , 27515 , 64657 , 86056 , 81018 ]
d18a419a-6774-4469-99fe-0a34daf24f8b: [_feature_explain, 13725 , 93645 , 96458 , 92461 , 26346 , 72323 ]
e644dc6e-d9e8-44cb-a567-94b752c8ead6: [_feature, 99046 , 79912 , 37383 , 16906 , 34334 , 46674 ]
9345a5d6-70dc-44a6-8463-56dc1bc72bb7: [_feature, 37495 , 57692 , 36028 , 33636 , 42001 , 42565 ]
d751eff7-1cb3-407d-b13d-c245dbb7ecb4: [_instance, 83801 , 69754 , 57795 , 74575 , 10195 , 32288 ]
c8c2e1cf-4f50-4e2f-9cb7-79c3b6b776ae: [_instance_explain, 79124 , 52266 , 76435 , 88736 , 48644 , 83131 ]
b7c476fe-6d31-45ab-89be-007ee3275c33: [_feature_explain, 16103 , 66035 , 47977 , 59105 , 14362 , 44837 ]
225ad246-3aa5-4e8e-87a3-8e79de120b2c: [_explain, 34471 , 92943 , 77338 , 92797 , 53859 , 12286 ]
147cd76b-280a-42a3-8d91-d9d67e1376e1: [_instance_explain, 52674 , 10775 , 54332 , 67201 , 54130 , 19347 ]
85083788-60b7-4a3d-8494-c76b5f7967d2: [_instance_explain, 88817 , 80887 , 55519 , 20556 , 25203 , 61500 ]
24bd80cd-729c-478b-8192-cc71080b5f47: [_explain, 17952 , 68682 , 19431 , 64503 , 55764 , 12307 ]
4109791f-e6db-412b-93dd-b6f87139db21: [_explain, 47721 , 72586 , 66708 , 88394 , 23878 , 37533 ]
8398fd30-cf91-45dc-8ba1-bda01f01f093: [_instance, 55767 , 37374 , 30343 , 22029 , 52490 , 90330 ]
bfc09c0b-8dd1-4679-9eb4-36a1a34915bb: [empty, 63700 , 22889 , 81974 , 28156 , 66259 , 49930 ]
d57a1e96-90bd-40d1-8b5a-56c5fe123af6: [_feature_explain, 82939 , 26916 , 38564 , 96075 , 74004 , 32966 ]
